Scattering properties of carbonaceous/silicate dust model
for SMC bar (R_V=2.87) 

dust model of Weingartner JC & Draine BT 2001, ApJ 548:296-309
with abundances/H reduced by factor 0.93. so that b_C=0
Scattering calculated as described by, and with optical constants from
Draine BT 2003, ApJ submitted, astro-ph/0304060

     6 = ICASE = dust model specifier
sigext = extinction cross section/H (cm2/H)
sigsca = scattering cross section/H (cm2/H)
integr.= numerical integration of diff.sca.cross section (cm2/H)

wav(um)= 0.8930000 0.8020000 0.7480000 0.6492000 0.6165000 0.5470000 0.4685000 0.3550000 0.3354000 0.2696000 0.2220000 0.1820000
sigext = 2.683E-23 3.210E-23 3.589E-23 4.480E-23 4.838E-23 5.711E-23 6.973E-23 9.599E-23 1.010E-22 1.308E-22 1.674E-22 2.134E-22
sigsca = 1.834E-23 2.258E-23 2.568E-23 3.297E-23 3.591E-23 4.309E-23 5.346E-23 7.476E-23 7.892E-23 1.030E-22 1.301E-22 1.381E-22
integr.= 1.844E-23 2.270E-23 2.582E-23 3.316E-23 3.611E-23 4.333E-23 5.376E-23 7.518E-23 7.936E-23 1.036E-22 1.308E-22 1.389E-22
albedo=  0.68345   0.70338   0.71542   0.73599   0.74223   0.75455   0.76678   0.77887   0.78130   0.78750   0.77721   0.64710
 <cos>=  0.44384   0.47390   0.49106   0.52054   0.52926   0.54371   0.55547   0.55799   0.55387   0.54807   0.53521   0.55050

theta(deg) differential scattering cross section (cm2 sr-1 H-1) for unpolarized incident light
----------------------------------------------------------
  0.0000 6.496E-24 8.851E-24 1.070E-23 1.568E-23 1.800E-23 2.376E-23 3.319E-23 5.470E-23 5.786E-23 8.735E-23 1.210E-22 1.530E-22
  1.0000 6.492E-24 8.845E-24 1.069E-23 1.567E-23 1.798E-23 2.374E-23 3.314E-23 5.458E-23 5.773E-23 8.705E-23 1.204E-22 1.520E-22
  2.0000 6.481E-24 8.828E-24 1.067E-23 1.563E-23 1.793E-23 2.366E-23 3.301E-23 5.424E-23 5.734E-23 8.617E-23 1.186E-22 1.489E-22
  3.0000 6.462E-24 8.799E-24 1.063E-23 1.556E-23 1.785E-23 2.354E-23 3.280E-23 5.369E-23 5.671E-23 8.476E-23 1.159E-22 1.441E-22
  4.0000 6.436E-24 8.760E-24 1.058E-23 1.547E-23 1.774E-23 2.337E-23 3.250E-23 5.293E-23 5.585E-23 8.288E-23 1.123E-22 1.381E-22
  5.0000 6.403E-24 8.709E-24 1.052E-23 1.536E-23 1.760E-23 2.315E-23 3.213E-23 5.200E-23 5.480E-23 8.062E-23 1.081E-22 1.313E-22
  6.0000 6.363E-24 8.648E-24 1.044E-23 1.522E-23 1.743E-23 2.290E-23 3.168E-23 5.091E-23 5.358E-23 7.807E-23 1.035E-22 1.242E-22
  7.0000 6.317E-24 8.577E-24 1.034E-23 1.507E-23 1.724E-23 2.260E-23 3.118E-23 4.969E-23 5.223E-23 7.533E-23 9.880E-23 1.171E-22
  8.0000 6.264E-24 8.496E-24 1.024E-23 1.489E-23 1.702E-23 2.227E-23 3.061E-23 4.837E-23 5.077E-23 7.248E-23 9.405E-23 1.101E-22
  9.0000 6.204E-24 8.407E-24 1.013E-23 1.469E-23 1.678E-23 2.190E-23 3.000E-23 4.697E-23 4.924E-23 6.957E-23 8.938E-23 1.034E-22
 10.0000 6.140E-24 8.309E-24 9.999E-24 1.448E-23 1.652E-23 2.151E-23 2.935E-23 4.552E-23 4.766E-23 6.667E-23 8.487E-23 9.708E-23
 11.0000 6.069E-24 8.203E-24 9.863E-24 1.425E-23 1.623E-23 2.109E-23 2.866E-23 4.402E-23 4.606E-23 6.382E-23 8.052E-23 9.108E-23
 12.0000 5.994E-24 8.090E-24 9.719E-24 1.400E-23 1.594E-23 2.065E-23 2.794E-23 4.252E-23 4.445E-23 6.102E-23 7.637E-23 8.544E-23
 13.0000 5.915E-24 7.970E-24 9.566E-24 1.375E-23 1.563E-23 2.020E-23 2.720E-23 4.100E-23 4.285E-23 5.830E-23 7.242E-23 8.017E-23
 14.0000 5.831E-24 7.845E-24 9.406E-24 1.348E-23 1.530E-23 1.973E-23 2.645E-23 3.950E-23 4.127E-23 5.567E-23 6.867E-23 7.525E-23
 15.0000 5.743E-24 7.715E-24 9.240E-24 1.320E-23 1.497E-23 1.924E-23 2.569E-23 3.801E-23 3.971E-23 5.313E-23 6.511E-23 7.070E-23
 16.0000 5.652E-24 7.580E-24 9.069E-24 1.292E-23 1.463E-23 1.875E-23 2.492E-23 3.655E-23 3.819E-23 5.068E-23 6.174E-23 6.650E-23
 17.0000 5.559E-24 7.441E-24 8.894E-24 1.264E-23 1.428E-23 1.826E-23 2.415E-23 3.512E-23 3.670E-23 4.833E-23 5.857E-23 6.264E-23
 18.0000 5.462E-24 7.299E-24 8.714E-24 1.234E-23 1.393E-23 1.776E-23 2.338E-23 3.372E-23 3.524E-23 4.608E-23 5.559E-23 5.911E-23
 19.0000 5.364E-24 7.155E-24 8.532E-24 1.205E-23 1.358E-23 1.726E-23 2.262E-23 3.236E-23 3.383E-23 4.392E-23 5.280E-23 5.589E-23
 20.0000 5.264E-24 7.008E-24 8.348E-24 1.175E-23 1.322E-23 1.676E-23 2.186E-23 3.103E-23 3.246E-23 4.187E-23 5.019E-23 5.294E-23
 21.0000 5.163E-24 6.860E-24 8.162E-24 1.145E-23 1.287E-23 1.626E-23 2.111E-23 2.975E-23 3.112E-23 3.991E-23 4.776E-23 5.024E-23
 22.0000 5.060E-24 6.711E-24 7.975E-24 1.116E-23 1.251E-23 1.576E-23 2.038E-23 2.851E-23 2.984E-23 3.805E-23 4.550E-23 4.776E-23
 23.0000 4.957E-24 6.561E-24 7.788E-24 1.086E-23 1.216E-23 1.527E-23 1.965E-23 2.731E-23 2.859E-23 3.629E-23 4.339E-23 4.549E-23
 24.0000 4.853E-24 6.412E-24 7.601E-24 1.056E-23 1.181E-23 1.479E-23 1.894E-23 2.615E-23 2.739E-23 3.462E-23 4.142E-23 4.338E-23
 25.0000 4.749E-24 6.262E-24 7.414E-24 1.027E-23 1.146E-23 1.431E-23 1.824E-23 2.504E-23 2.624E-23 3.305E-23 3.959E-23 4.143E-23
 26.0000 4.646E-24 6.113E-24 7.229E-24 9.979E-24 1.112E-23 1.384E-23 1.756E-23 2.398E-23 2.513E-23 3.156E-23 3.787E-23 3.962E-23
 27.0000 4.542E-24 5.964E-24 7.044E-24 9.692E-24 1.078E-23 1.337E-23 1.690E-23 2.295E-23 2.407E-23 3.016E-23 3.627E-23 3.792E-23
 28.0000 4.439E-24 5.817E-24 6.862E-24 9.407E-24 1.044E-23 1.292E-23 1.625E-23 2.198E-23 2.305E-23 2.884E-23 3.476E-23 3.632E-23
 29.0000 4.337E-24 5.671E-24 6.681E-24 9.127E-24 1.011E-23 1.247E-23 1.561E-23 2.104E-23 2.207E-23 2.759E-23 3.334E-23 3.482E-23
 30.0000 4.236E-24 5.527E-24 6.502E-24 8.850E-24 9.789E-24 1.203E-23 1.500E-23 2.015E-23 2.114E-23 2.642E-23 3.200E-23 3.340E-23
 31.0000 4.135E-24 5.384E-24 6.325E-24 8.578E-24 9.471E-24 1.160E-23 1.440E-23 1.930E-23 2.026E-23 2.531E-23 3.073E-23 3.206E-23
 32.0000 4.036E-24 5.243E-24 6.151E-24 8.311E-24 9.158E-24 1.118E-23 1.382E-23 1.849E-23 1.941E-23 2.426E-23 2.953E-23 3.079E-23
 33.0000 3.938E-24 5.104E-24 5.979E-24 8.048E-24 8.852E-24 1.077E-23 1.327E-23 1.772E-23 1.860E-23 2.327E-23 2.839E-23 2.959E-23
 34.0000 3.841E-24 4.967E-24 5.810E-24 7.790E-24 8.552E-24 1.038E-23 1.273E-23 1.699E-23 1.784E-23 2.233E-23 2.730E-23 2.844E-23
 35.0000 3.746E-24 4.832E-24 5.643E-24 7.537E-24 8.259E-24 9.988E-24 1.220E-23 1.629E-23 1.710E-23 2.144E-23 2.626E-23 2.736E-23
 36.0000 3.652E-24 4.699E-24 5.480E-24 7.290E-24 7.973E-24 9.610E-24 1.170E-23 1.563E-23 1.641E-23 2.059E-23 2.526E-23 2.632E-23
 37.0000 3.559E-24 4.569E-24 5.319E-24 7.047E-24 7.694E-24 9.243E-24 1.122E-23 1.500E-23 1.575E-23 1.979E-23 2.431E-23 2.534E-23
 38.0000 3.468E-24 4.441E-24 5.162E-24 6.810E-24 7.422E-24 8.888E-24 1.076E-23 1.440E-23 1.511E-23 1.902E-23 2.341E-23 2.440E-23
 39.0000 3.379E-24 4.315E-24 5.007E-24 6.579E-24 7.157E-24 8.543E-24 1.031E-23 1.382E-23 1.451E-23 1.829E-23 2.254E-23 2.351E-23
 40.0000 3.291E-24 4.192E-24 4.855E-24 6.354E-24 6.899E-24 8.210E-24 9.885E-24 1.328E-23 1.394E-23 1.759E-23 2.171E-23 2.265E-23
 41.0000 3.205E-24 4.071E-24 4.707E-24 6.134E-24 6.649E-24 7.888E-24 9.476E-24 1.276E-23 1.339E-23 1.693E-23 2.091E-23 2.184E-23
 42.0000 3.121E-24 3.953E-24 4.562E-24 5.919E-24 6.405E-24 7.577E-24 9.085E-24 1.226E-23 1.287E-23 1.629E-23 2.015E-23 2.105E-23
 43.0000 3.038E-24 3.837E-24 4.420E-24 5.711E-24 6.170E-24 7.278E-24 8.712E-24 1.178E-23 1.237E-23 1.568E-23 1.942E-23 2.031E-23
 44.0000 2.957E-24 3.723E-24 4.281E-24 5.508E-24 5.942E-24 6.989E-24 8.355E-24 1.133E-23 1.189E-23 1.510E-23 1.872E-23 1.959E-23
 45.0000 2.877E-24 3.612E-24 4.146E-24 5.312E-24 5.721E-24 6.712E-24 8.014E-24 1.089E-23 1.143E-23 1.454E-23 1.805E-23 1.890E-23
 46.0000 2.799E-24 3.504E-24 4.014E-24 5.121E-24 5.507E-24 6.445E-24 7.689E-24 1.048E-23 1.099E-23 1.400E-23 1.741E-23 1.824E-23
 47.0000 2.723E-24 3.398E-24 3.885E-24 4.936E-24 5.301E-24 6.189E-24 7.379E-24 1.008E-23 1.057E-23 1.349E-23 1.680E-23 1.761E-23
 48.0000 2.648E-24 3.295E-24 3.759E-24 4.756E-24 5.102E-24 5.943E-24 7.084E-24 9.698E-24 1.017E-23 1.300E-23 1.621E-23 1.701E-23
 49.0000 2.575E-24 3.194E-24 3.637E-24 4.583E-24 4.910E-24 5.708E-24 6.803E-24 9.331E-24 9.787E-24 1.252E-23 1.565E-23 1.643E-23
 50.0000 2.504E-24 3.096E-24 3.518E-24 4.415E-24 4.726E-24 5.483E-24 6.534E-24 8.980E-24 9.419E-24 1.207E-23 1.510E-23 1.587E-23
 51.0000 2.434E-24 3.000E-24 3.403E-24 4.254E-24 4.548E-24 5.267E-24 6.279E-24 8.643E-24 9.066E-24 1.163E-23 1.458E-23 1.533E-23
 52.0000 2.366E-24 2.907E-24 3.290E-24 4.097E-24 4.377E-24 5.061E-24 6.036E-24 8.319E-24 8.728E-24 1.121E-23 1.409E-23 1.482E-23
 53.0000 2.299E-24 2.816E-24 3.181E-24 3.947E-24 4.213E-24 4.864E-24 5.804E-24 8.009E-24 8.404E-24 1.081E-23 1.361E-23 1.433E-23
 54.0000 2.235E-24 2.728E-24 3.076E-24 3.802E-24 4.055E-24 4.675E-24 5.583E-24 7.712E-24 8.095E-24 1.042E-23 1.315E-23 1.386E-23
 55.0000 2.171E-24 2.642E-24 2.973E-24 3.662E-24 3.904E-24 4.496E-24 5.372E-24 7.426E-24 7.799E-24 1.005E-23 1.271E-23 1.341E-23
 56.0000 2.110E-24 2.559E-24 2.874E-24 3.527E-24 3.759E-24 4.324E-24 5.171E-24 7.152E-24 7.515E-24 9.693E-24 1.228E-23 1.298E-23
 57.0000 2.049E-24 2.478E-24 2.778E-24 3.398E-24 3.620E-24 4.161E-24 4.980E-24 6.890E-24 7.245E-24 9.351E-24 1.187E-23 1.257E-23
 58.0000 1.991E-24 2.400E-24 2.685E-24 3.274E-24 3.486E-24 4.005E-24 4.797E-24 6.638E-24 6.986E-24 9.023E-24 1.148E-23 1.217E-23
 59.0000 1.934E-24 2.324E-24 2.596E-24 3.155E-24 3.359E-24 3.856E-24 4.623E-24 6.397E-24 6.739E-24 8.708E-24 1.111E-23 1.178E-23
 60.0000 1.878E-24 2.251E-24 2.509E-24 3.040E-24 3.237E-24 3.714E-24 4.456E-24 6.166E-24 6.504E-24 8.407E-24 1.075E-23 1.142E-23
 61.0000 1.824E-24 2.180E-24 2.425E-24 2.930E-24 3.120E-24 3.579E-24 4.298E-24 5.944E-24 6.279E-24 8.118E-24 1.040E-23 1.106E-23
 62.0000 1.772E-24 2.111E-24 2.345E-24 2.825E-24 3.008E-24 3.450E-24 4.146E-24 5.732E-24 6.064E-24 7.842E-24 1.007E-23 1.072E-23
 63.0000 1.721E-24 2.045E-24 2.267E-24 2.725E-24 2.901E-24 3.327E-24 4.001E-24 5.529E-24 5.859E-24 7.578E-24 9.754E-24 1.039E-23
 64.0000 1.672E-24 1.981E-24 2.192E-24 2.628E-24 2.799E-24 3.210E-24 3.863E-24 5.335E-24 5.663E-24 7.325E-24 9.450E-24 1.007E-23
 65.0000 1.624E-24 1.919E-24 2.120E-24 2.536E-24 2.702E-24 3.099E-24 3.730E-24 5.149E-24 5.476E-24 7.084E-24 9.158E-24 9.763E-24
 66.0000 1.577E-24 1.859E-24 2.051E-24 2.448E-24 2.608E-24 2.992E-24 3.604E-24 4.971E-24 5.297E-24 6.853E-24 8.878E-24 9.467E-24
 67.0000 1.532E-24 1.802E-24 1.984E-24 2.364E-24 2.519E-24 2.891E-24 3.483E-24 4.801E-24 5.126E-24 6.632E-24 8.610E-24 9.182E-24
 68.0000 1.488E-24 1.746E-24 1.920E-24 2.283E-24 2.434E-24 2.794E-24 3.367E-24 4.639E-24 4.963E-24 6.420E-24 8.353E-24 8.907E-24
 69.0000 1.445E-24 1.693E-24 1.858E-24 2.206E-24 2.353E-24 2.701E-24 3.257E-24 4.483E-24 4.806E-24 6.217E-24 8.107E-24 8.643E-24
 70.0000 1.404E-24 1.641E-24 1.799E-24 2.133E-24 2.275E-24 2.613E-24 3.151E-24 4.335E-24 4.656E-24 6.023E-24 7.871E-24 8.389E-24
 71.0000 1.365E-24 1.592E-24 1.743E-24 2.062E-24 2.201E-24 2.529E-24 3.050E-24 4.193E-24 4.512E-24 5.837E-24 7.645E-24 8.145E-24
 72.0000 1.326E-24 1.544E-24 1.688E-24 1.996E-24 2.130E-24 2.449E-24 2.953E-24 4.058E-24 4.373E-24 5.658E-24 7.428E-24 7.911E-24
 73.0000 1.289E-24 1.498E-24 1.636E-24 1.932E-24 2.062E-24 2.372E-24 2.860E-24 3.929E-24 4.240E-24 5.486E-24 7.220E-24 7.686E-24
 74.0000 1.253E-24 1.454E-24 1.586E-24 1.871E-24 1.998E-24 2.298E-24 2.772E-24 3.806E-24 4.112E-24 5.321E-24 7.020E-24 7.471E-24
 75.0000 1.218E-24 1.412E-24 1.539E-24 1.813E-24 1.936E-24 2.228E-24 2.687E-24 3.688E-24 3.989E-24 5.162E-24 6.827E-24 7.266E-24
 76.0000 1.185E-24 1.371E-24 1.493E-24 1.758E-24 1.877E-24 2.161E-24 2.606E-24 3.576E-24 3.871E-24 5.009E-24 6.641E-24 7.069E-24
 77.0000 1.152E-24 1.332E-24 1.449E-24 1.705E-24 1.821E-24 2.097E-24 2.528E-24 3.469E-24 3.757E-24 4.862E-24 6.462E-24 6.880E-24
 78.0000 1.121E-24 1.295E-24 1.407E-24 1.655E-24 1.767E-24 2.036E-24 2.454E-24 3.367E-24 3.647E-24 4.720E-24 6.289E-24 6.700E-24
 79.0000 1.091E-24 1.259E-24 1.367E-24 1.607E-24 1.715E-24 1.977E-24 2.383E-24 3.269E-24 3.542E-24 4.583E-24 6.122E-24 6.527E-24
 80.0000 1.062E-24 1.225E-24 1.329E-24 1.562E-24 1.666E-24 1.921E-24 2.315E-24 3.176E-24 3.441E-24 4.452E-24 5.961E-24 6.360E-24
 81.0000 1.034E-24 1.192E-24 1.293E-24 1.518E-24 1.620E-24 1.867E-24 2.250E-24 3.088E-24 3.343E-24 4.326E-24 5.807E-24 6.201E-24
 82.0000 1.007E-24 1.160E-24 1.258E-24 1.477E-24 1.575E-24 1.816E-24 2.188E-24 3.003E-24 3.250E-24 4.205E-24 5.658E-24 6.048E-24
 83.0000 9.809E-25 1.130E-24 1.224E-24 1.438E-24 1.532E-24 1.767E-24 2.129E-24 2.922E-24 3.160E-24 4.089E-24 5.515E-24 5.901E-24
 84.0000 9.559E-25 1.101E-24 1.192E-24 1.400E-24 1.492E-24 1.720E-24 2.073E-24 2.845E-24 3.074E-24 3.978E-24 5.377E-24 5.759E-24
 85.0000 9.318E-25 1.073E-24 1.162E-24 1.365E-24 1.453E-24 1.675E-24 2.018E-24 2.772E-24 2.992E-24 3.873E-24 5.246E-24 5.623E-24
 86.0000 9.087E-25 1.046E-24 1.133E-24 1.331E-24 1.416E-24 1.633E-24 1.967E-24 2.702E-24 2.913E-24 3.774E-24 5.119E-24 5.492E-24
 87.0000 8.865E-25 1.020E-24 1.105E-24 1.299E-24 1.381E-24 1.592E-24 1.917E-24 2.635E-24 2.838E-24 3.680E-24 4.998E-24 5.366E-24
 88.0000 8.652E-25 9.959E-25 1.079E-24 1.268E-24 1.347E-24 1.553E-24 1.870E-24 2.571E-24 2.766E-24 3.592E-24 4.882E-24 5.245E-24
 89.0000 8.447E-25 9.724E-25 1.053E-24 1.239E-24 1.315E-24 1.516E-24 1.825E-24 2.510E-24 2.698E-24 3.509E-24 4.771E-24 5.129E-24
 90.0000 8.250E-25 9.499E-25 1.029E-24 1.211E-24 1.284E-24 1.480E-24 1.782E-24 2.451E-24 2.632E-24 3.430E-24 4.665E-24 5.017E-24
 91.0000 8.061E-25 9.283E-25 1.006E-24 1.185E-24 1.255E-24 1.446E-24 1.741E-24 2.396E-24 2.570E-24 3.357E-24 4.564E-24 4.910E-24
 92.0000 7.880E-25 9.077E-25 9.842E-25 1.160E-24 1.228E-24 1.414E-24 1.702E-24 2.342E-24 2.511E-24 3.288E-24 4.467E-24 4.808E-24
 93.0000 7.707E-25 8.880E-25 9.631E-25 1.136E-24 1.201E-24 1.383E-24 1.664E-24 2.291E-24 2.455E-24 3.222E-24 4.374E-24 4.711E-24
 94.0000 7.540E-25 8.690E-25 9.430E-25 1.113E-24 1.176E-24 1.354E-24 1.629E-24 2.243E-24 2.402E-24 3.161E-24 4.285E-24 4.617E-24
 95.0000 7.381E-25 8.509E-25 9.238E-25 1.092E-24 1.152E-24 1.326E-24 1.594E-24 2.196E-24 2.351E-24 3.102E-24 4.199E-24 4.528E-24
 96.0000 7.229E-25 8.336E-25 9.055E-25 1.071E-24 1.130E-24 1.300E-24 1.562E-24 2.152E-24 2.303E-24 3.047E-24 4.118E-24 4.443E-24
 97.0000 7.083E-25 8.170E-25 8.880E-25 1.051E-24 1.108E-24 1.275E-24 1.531E-24 2.109E-24 2.257E-24 2.994E-24 4.039E-24 4.361E-24
 98.0000 6.943E-25 8.011E-25 8.712E-25 1.033E-24 1.088E-24 1.251E-24 1.502E-24 2.069E-24 2.213E-24 2.943E-24 3.964E-24 4.283E-24
 99.0000 6.810E-25 7.859E-25 8.552E-25 1.015E-24 1.068E-24 1.229E-24 1.474E-24 2.031E-24 2.172E-24 2.894E-24 3.891E-24 4.208E-24
100.0000 6.683E-25 7.714E-25 8.398E-25 9.977E-25 1.050E-24 1.208E-24 1.447E-24 1.994E-24 2.132E-24 2.847E-24 3.822E-24 4.136E-24
101.0000 6.561E-25 7.575E-25 8.252E-25 9.815E-25 1.033E-24 1.187E-24 1.422E-24 1.959E-24 2.095E-24 2.802E-24 3.755E-24 4.067E-24
102.0000 6.445E-25 7.442E-25 8.111E-25 9.660E-25 1.016E-24 1.169E-24 1.398E-24 1.926E-24 2.059E-24 2.759E-24 3.692E-24 4.000E-24
103.0000 6.335E-25 7.314E-25 7.977E-25 9.512E-25 1.000E-24 1.151E-24 1.375E-24 1.894E-24 2.025E-24 2.717E-24 3.631E-24 3.936E-24
104.0000 6.230E-25 7.193E-25 7.849E-25 9.371E-25 9.853E-25 1.134E-24 1.353E-24 1.864E-24 1.993E-24 2.677E-24 3.573E-24 3.873E-24
105.0000 6.130E-25 7.076E-25 7.726E-25 9.236E-25 9.712E-25 1.118E-24 1.333E-24 1.836E-24 1.963E-24 2.638E-24 3.518E-24 3.813E-24
106.0000 6.035E-25 6.965E-25 7.608E-25 9.106E-25 9.577E-25 1.103E-24 1.314E-24 1.808E-24 1.934E-24 2.601E-24 3.466E-24 3.755E-24
107.0000 5.944E-25 6.859E-25 7.495E-25 8.982E-25 9.450E-25 1.089E-24 1.296E-24 1.783E-24 1.906E-24 2.565E-24 3.417E-24 3.699E-24
108.0000 5.859E-25 6.758E-25 7.388E-25 8.864E-25 9.329E-25 1.076E-24 1.279E-24 1.758E-24 1.880E-24 2.531E-24 3.371E-24 3.645E-24
109.0000 5.778E-25 6.661E-25 7.284E-25 8.750E-25 9.213E-25 1.063E-24 1.263E-24 1.735E-24 1.856E-24 2.499E-24 3.327E-24 3.594E-24
110.0000 5.701E-25 6.569E-25 7.186E-25 8.640E-25 9.104E-25 1.051E-24 1.249E-24 1.712E-24 1.833E-24 2.468E-24 3.286E-24 3.544E-24
111.0000 5.628E-25 6.481E-25 7.091E-25 8.535E-25 8.999E-25 1.040E-24 1.235E-24 1.691E-24 1.812E-24 2.438E-24 3.248E-24 3.496E-24
112.0000 5.560E-25 6.398E-25 7.001E-25 8.434E-25 8.900E-25 1.030E-24 1.222E-24 1.671E-24 1.792E-24 2.411E-24 3.211E-24 3.451E-24
113.0000 5.496E-25 6.318E-25 6.915E-25 8.337E-25 8.805E-25 1.020E-24 1.210E-24 1.653E-24 1.774E-24 2.385E-24 3.177E-24 3.407E-24
114.0000 5.435E-25 6.243E-25 6.832E-25 8.244E-25 8.714E-25 1.010E-24 1.199E-24 1.635E-24 1.756E-24 2.360E-24 3.144E-24 3.365E-24
115.0000 5.379E-25 6.172E-25 6.754E-25 8.154E-25 8.628E-25 1.002E-24 1.189E-24 1.619E-24 1.740E-24 2.338E-24 3.113E-24 3.325E-24
116.0000 5.325E-25 6.104E-25 6.679E-25 8.067E-25 8.545E-25 9.931E-25 1.180E-24 1.603E-24 1.725E-24 2.317E-24 3.083E-24 3.287E-24
117.0000 5.276E-25 6.040E-25 6.607E-25 7.984E-25 8.466E-25 9.851E-25 1.171E-24 1.589E-24 1.712E-24 2.298E-24 3.054E-24 3.250E-24
118.0000 5.230E-25 5.979E-25 6.539E-25 7.904E-25 8.389E-25 9.774E-25 1.163E-24 1.576E-24 1.699E-24 2.280E-24 3.026E-24 3.215E-24
119.0000 5.187E-25 5.923E-25 6.475E-25 7.827E-25 8.316E-25 9.700E-25 1.156E-24 1.564E-24 1.687E-24 2.264E-24 2.999E-24 3.181E-24
120.0000 5.148E-25 5.869E-25 6.414E-25 7.752E-25 8.246E-25 9.629E-25 1.149E-24 1.553E-24 1.677E-24 2.250E-24 2.972E-24 3.147E-24
121.0000 5.111E-25 5.819E-25 6.356E-25 7.681E-25 8.179E-25 9.561E-25 1.143E-24 1.543E-24 1.667E-24 2.237E-24 2.947E-24 3.114E-24
122.0000 5.078E-25 5.772E-25 6.301E-25 7.612E-25 8.114E-25 9.495E-25 1.137E-24 1.534E-24 1.658E-24 2.225E-24 2.922E-24 3.082E-24
123.0000 5.048E-25 5.729E-25 6.250E-25 7.546E-25 8.051E-25 9.431E-25 1.131E-24 1.527E-24 1.650E-24 2.215E-24 2.898E-24 3.050E-24
124.0000 5.021E-25 5.689E-25 6.201E-25 7.483E-25 7.991E-25 9.368E-25 1.126E-24 1.520E-24 1.643E-24 2.206E-24 2.875E-24 3.019E-24
125.0000 4.996E-25 5.651E-25 6.156E-25 7.422E-25 7.934E-25 9.308E-25 1.121E-24 1.514E-24 1.636E-24 2.198E-24 2.854E-24 2.987E-24
126.0000 4.974E-25 5.617E-25 6.114E-25 7.364E-25 7.878E-25 9.248E-25 1.116E-24 1.510E-24 1.630E-24 2.192E-24 2.833E-24 2.956E-24
127.0000 4.955E-25 5.586E-25 6.075E-25 7.309E-25 7.825E-25 9.190E-25 1.112E-24 1.506E-24 1.625E-24 2.187E-24 2.814E-24 2.924E-24
128.0000 4.939E-25 5.558E-25 6.039E-25 7.257E-25 7.774E-25 9.134E-25 1.107E-24 1.503E-24 1.621E-24 2.183E-24 2.796E-24 2.893E-24
129.0000 4.925E-25 5.533E-25 6.006E-25 7.208E-25 7.726E-25 9.079E-25 1.103E-24 1.500E-24 1.617E-24 2.180E-24 2.780E-24 2.862E-24
130.0000 4.913E-25 5.510E-25 5.976E-25 7.161E-25 7.680E-25 9.025E-25 1.099E-24 1.499E-24 1.614E-24 2.178E-24 2.764E-24 2.831E-24
131.0000 4.904E-25 5.491E-25 5.949E-25 7.118E-25 7.636E-25 8.972E-25 1.094E-24 1.498E-24 1.611E-24 2.177E-24 2.750E-24 2.801E-24
132.0000 4.898E-25 5.474E-25 5.924E-25 7.077E-25 7.595E-25 8.921E-25 1.090E-24 1.497E-24 1.609E-24 2.177E-24 2.738E-24 2.771E-24
133.0000 4.893E-25 5.460E-25 5.903E-25 7.040E-25 7.556E-25 8.872E-25 1.085E-24 1.496E-24 1.607E-24 2.179E-24 2.726E-24 2.742E-24
134.0000 4.891E-25 5.449E-25 5.885E-25 7.005E-25 7.521E-25 8.824E-25 1.081E-24 1.496E-24 1.606E-24 2.180E-24 2.715E-24 2.714E-24
135.0000 4.891E-25 5.441E-25 5.870E-25 6.974E-25 7.488E-25 8.778E-25 1.076E-24 1.495E-24 1.604E-24 2.183E-24 2.705E-24 2.686E-24
136.0000 4.893E-25 5.435E-25 5.857E-25 6.946E-25 7.458E-25 8.734E-25 1.072E-24 1.495E-24 1.604E-24 2.186E-24 2.696E-24 2.660E-24
137.0000 4.898E-25 5.431E-25 5.848E-25 6.921E-25 7.431E-25 8.693E-25 1.067E-24 1.494E-24 1.603E-24 2.189E-24 2.687E-24 2.636E-24
138.0000 4.904E-25 5.431E-25 5.841E-25 6.900E-25 7.407E-25 8.654E-25 1.063E-24 1.493E-24 1.602E-24 2.193E-24 2.679E-24 2.612E-24
139.0000 4.912E-25 5.432E-25 5.837E-25 6.882E-25 7.386E-25 8.619E-25 1.058E-24 1.491E-24 1.602E-24 2.196E-24 2.671E-24 2.590E-24
140.0000 4.922E-25 5.436E-25 5.836E-25 6.867E-25 7.369E-25 8.586E-25 1.054E-24 1.489E-24 1.601E-24 2.199E-24 2.665E-24 2.570E-24
141.0000 4.935E-25 5.443E-25 5.838E-25 6.856E-25 7.355E-25 8.557E-25 1.049E-24 1.487E-24 1.601E-24 2.201E-24 2.659E-24 2.552E-24
142.0000 4.949E-25 5.452E-25 5.843E-25 6.848E-25 7.345E-25 8.532E-25 1.045E-24 1.484E-24 1.600E-24 2.202E-24 2.654E-24 2.537E-24
143.0000 4.964E-25 5.463E-25 5.850E-25 6.844E-25 7.339E-25 8.510E-25 1.042E-24 1.480E-24 1.599E-24 2.203E-24 2.650E-24 2.523E-24
144.0000 4.982E-25 5.476E-25 5.859E-25 6.843E-25 7.336E-25 8.493E-25 1.038E-24 1.477E-24 1.599E-24 2.203E-24 2.647E-24 2.512E-24
145.0000 5.001E-25 5.491E-25 5.872E-25 6.846E-25 7.337E-25 8.480E-25 1.035E-24 1.473E-24 1.598E-24 2.201E-24 2.646E-24 2.503E-24
146.0000 5.022E-25 5.509E-25 5.886E-25 6.852E-25 7.342E-25 8.472E-25 1.032E-24 1.469E-24 1.598E-24 2.199E-24 2.648E-24 2.497E-24
147.0000 5.045E-25 5.529E-25 5.904E-25 6.862E-25 7.351E-25 8.469E-25 1.030E-24 1.466E-24 1.597E-24 2.195E-24 2.653E-24 2.494E-24
148.0000 5.069E-25 5.550E-25 5.923E-25 6.875E-25 7.363E-25 8.471E-25 1.029E-24 1.464E-24 1.598E-24 2.192E-24 2.661E-24 2.494E-24
149.0000 5.094E-25 5.573E-25 5.945E-25 6.891E-25 7.379E-25 8.478E-25 1.028E-24 1.463E-24 1.599E-24 2.188E-24 2.673E-24 2.498E-24
150.0000 5.121E-25 5.598E-25 5.969E-25 6.910E-25 7.399E-25 8.490E-25 1.028E-24 1.463E-24 1.600E-24 2.184E-24 2.690E-24 2.505E-24
151.0000 5.149E-25 5.625E-25 5.994E-25 6.933E-25 7.423E-25 8.508E-25 1.029E-24 1.466E-24 1.603E-24 2.182E-24 2.713E-24 2.515E-24
152.0000 5.179E-25 5.653E-25 6.022E-25 6.958E-25 7.449E-25 8.530E-25 1.031E-24 1.470E-24 1.608E-24 2.182E-24 2.743E-24 2.530E-24
153.0000 5.209E-25 5.683E-25 6.051E-25 6.986E-25 7.479E-25 8.558E-25 1.034E-24 1.478E-24 1.614E-24 2.185E-24 2.780E-24 2.548E-24
154.0000 5.241E-25 5.714E-25 6.082E-25 7.016E-25 7.512E-25 8.591E-25 1.037E-24 1.489E-24 1.623E-24 2.193E-24 2.826E-24 2.570E-24
155.0000 5.273E-25 5.746E-25 6.114E-25 7.049E-25 7.548E-25 8.629E-25 1.042E-24 1.504E-24 1.634E-24 2.205E-24 2.882E-24 2.596E-24
156.0000 5.306E-25 5.779E-25 6.148E-25 7.084E-25 7.586E-25 8.671E-25 1.048E-24 1.523E-24 1.648E-24 2.224E-24 2.949E-24 2.626E-24
157.0000 5.340E-25 5.813E-25 6.183E-25 7.121E-25 7.627E-25 8.718E-25 1.054E-24 1.546E-24 1.665E-24 2.251E-24 3.027E-24 2.660E-24
158.0000 5.374E-25 5.848E-25 6.218E-25 7.159E-25 7.670E-25 8.768E-25 1.062E-24 1.574E-24 1.686E-24 2.286E-24 3.117E-24 2.698E-24
159.0000 5.409E-25 5.883E-25 6.254E-25 7.199E-25 7.714E-25 8.823E-25 1.070E-24 1.607E-24 1.710E-24 2.331E-24 3.221E-24 2.740E-24
160.0000 5.443E-25 5.919E-25 6.291E-25 7.240E-25 7.760E-25 8.880E-25 1.079E-24 1.645E-24 1.738E-24 2.388E-24 3.338E-24 2.786E-24
161.0000 5.478E-25 5.954E-25 6.328E-25 7.282E-25 7.808E-25 8.940E-25 1.089E-24 1.687E-24 1.769E-24 2.455E-24 3.469E-24 2.835E-24
162.0000 5.513E-25 5.990E-25 6.365E-25 7.324E-25 7.855E-25 9.002E-25 1.100E-24 1.734E-24 1.805E-24 2.534E-24 3.613E-24 2.887E-24
163.0000 5.547E-25 6.025E-25 6.401E-25 7.367E-25 7.903E-25 9.066E-25 1.111E-24 1.785E-24 1.844E-24 2.625E-24 3.771E-24 2.942E-24
164.0000 5.580E-25 6.060E-25 6.438E-25 7.409E-25 7.952E-25 9.130E-25 1.123E-24 1.840E-24 1.886E-24 2.728E-24 3.941E-24 3.000E-24
165.0000 5.613E-25 6.094E-25 6.473E-25 7.451E-25 7.999E-25 9.195E-25 1.135E-24 1.899E-24 1.931E-24 2.841E-24 4.123E-24 3.060E-24
166.0000 5.645E-25 6.128E-25 6.508E-25 7.492E-25 8.046E-25 9.260E-25 1.147E-24 1.960E-24 1.978E-24 2.964E-24 4.314E-24 3.121E-24
167.0000 5.676E-25 6.160E-25 6.542E-25 7.532E-25 8.092E-25 9.323E-25 1.159E-24 2.022E-24 2.028E-24 3.095E-24 4.512E-24 3.184E-24
168.0000 5.705E-25 6.191E-25 6.574E-25 7.570E-25 8.136E-25 9.386E-25 1.171E-24 2.086E-24 2.078E-24 3.233E-24 4.716E-24 3.246E-24
169.0000 5.733E-25 6.220E-25 6.604E-25 7.607E-25 8.178E-25 9.446E-25 1.183E-24 2.150E-24 2.129E-24 3.375E-24 4.922E-24 3.309E-24
170.0000 5.759E-25 6.248E-25 6.633E-25 7.642E-25 8.218E-25 9.503E-25 1.195E-24 2.212E-24 2.180E-24 3.518E-24 5.128E-24 3.370E-24
171.0000 5.783E-25 6.273E-25 6.660E-25 7.674E-25 8.255E-25 9.557E-25 1.206E-24 2.273E-24 2.229E-24 3.661E-24 5.329E-24 3.428E-24
172.0000 5.806E-25 6.297E-25 6.685E-25 7.704E-25 8.290E-25 9.606E-25 1.216E-24 2.331E-24 2.276E-24 3.799E-24 5.521E-24 3.484E-24
173.0000 5.826E-25 6.318E-25 6.707E-25 7.731E-25 8.321E-25 9.652E-25 1.225E-24 2.385E-24 2.320E-24 3.930E-24 5.703E-24 3.536E-24
174.0000 5.843E-25 6.337E-25 6.726E-25 7.755E-25 8.348E-25 9.692E-25 1.233E-24 2.434E-24 2.360E-24 4.051E-24 5.869E-24 3.584E-24
175.0000 5.859E-25 6.353E-25 6.743E-25 7.776E-25 8.372E-25 9.727E-25 1.241E-24 2.477E-24 2.396E-24 4.158E-24 6.016E-24 3.626E-24
176.0000 5.871E-25 6.366E-25 6.757E-25 7.793E-25 8.391E-25 9.756E-25 1.247E-24 2.513E-24 2.426E-24 4.251E-24 6.142E-24 3.661E-24
177.0000 5.881E-25 6.377E-25 6.768E-25 7.806E-25 8.407E-25 9.779E-25 1.252E-24 2.542E-24 2.450E-24 4.325E-24 6.242E-24 3.689E-24
178.0000 5.888E-25 6.384E-25 6.776E-25 7.816E-25 8.418E-25 9.795E-25 1.255E-24 2.563E-24 2.468E-24 4.379E-24 6.316E-24 3.710E-24
179.0000 5.892E-25 6.389E-25 6.781E-25 7.822E-25 8.425E-25 9.805E-25 1.257E-24 2.576E-24 2.478E-24 4.413E-24 6.361E-24 3.722E-24
180.0000 5.894E-25 6.390E-25 6.782E-25 7.823E-25 8.427E-25 9.809E-25 1.258E-24 2.580E-24 2.482E-24 4.424E-24 6.376E-24 3.727E-24
